l                         | r                         | f(l)                      | f(r)                      | mid                       | f(mid)                    | 
-10.0                     | 10.0                      | 0                         | 0                         | 0.0                       | 0                         | 
-10.0                     | 0.0                       | 0                         | 0                         | -5.0                      | 0                         | 
-10.0                     | -5.0                      | 0                         | 0                         | -7.5                      | 0                         | 
-10.0                     | -7.5                      | 0                         | 0                         | -8.75                     | 0                         | 
-10.0                     | -8.75                     | 0                         | 0                         | -9.375                    | 0                         | 
-10.0                     | -9.375                    | 0                         | 0                         | -9.6875                   | 0                         | 
-10.0                     | -9.6875                   | 0                         | 0                         | -9.84375                  | 0                         | 
-10.0                     | -9.84375                  | 0                         | 0                         | -9.921875                 | 0                         | 
-10.0                     | -9.921875                 | 0                         | 0                         | -9.9609375                | 0                         | 
-10.0                     | -9.9609375                | 0                         | 0                         | -9.98046875               | 0                         | 
-10.0                     | -9.98046875               | 0                         | 0                         | -9.990234375              | 0                         | 
-10.0                     | -9.990234375              | 0                         | 0                         | -9.9951171875             | 0                         | 
-10.0                     | -9.9951171875             | 0                         | 0                         | -9.99755859375            | 0                         | 
-10.0                     | -9.99755859375            | 0                         | 0                         | -9.998779296875           | 0                         | 
-10.0                     | -9.998779296875           | 0                         | 0                         | -9.9993896484375          | 0                         | 
-10.0                     | -9.9993896484375          | 0                         | 0                         | -9.99969482421875         | 0                         | 
-10.0                     | -9.99969482421875         | 0                         | 0                         | -9.999847412109375        | 0                         | 
-10.0                     | -9.999847412109375        | 0                         | 0                         | -9.999923706054688        | 0                         | 
-10.0                     | -9.999923706054688        | 0                         | 0                         | -9.999961853027344        | 0                         | 
-10.0                     | -9.999961853027344        | 0                         | 0                         | -9.999980926513672        | 0                         | 
-10.0                     | -9.999980926513672        | 0                         | 0                         | -9.999990463256836        | 0                         | 
Number of Iterations is 21
Execution time of the algorithm is 0.01994 seconds 
output precision is 1e-05